1.409999999999999920e+00 6.300000000000000044e-01
8.399999999999999689e-01 4.199999999999999845e-01
1.699999999999999956e+00 1.270000000000000018e+00
1.739999999999999991e+00 1.169999999999999929e+00
7.299999999999999822e-01 1.400000000000000133e-01
6.800000000000000488e-01 1.469999999999999973e+00
1.729999999999999982e+00 1.679999999999999938e+00
1.699999999999999956e+00 1.060000000000000053e+00
9.599999999999999645e-01 4.899999999999999911e-01
1.270000000000000018e+00 1.120000000000000107e+00
1.030000000000000027e+00 1.469999999999999973e+00
1.439999999999999947e+00 6.700000000000000400e-01
1.780000000000000027e+00 6.300000000000000044e-01
1.270000000000000018e+00 1.419999999999999929e+00
2.999999999999999889e-01 7.199999999999999734e-01
1.199999999999999956e+00 2.000000000000000042e-02
1.320000000000000062e+00 7.000000000000000666e-02
5.500000000000000444e-01 1.120000000000000107e+00
1.760000000000000009e+00 1.250000000000000000e+00
1.399999999999999911e+00 1.189999999999999947e+00
1.929999999999999938e+00 1.090000000000000080e+00
4.000000000000000083e-02 6.999999999999999556e-01
1.159999999999999920e+00 1.800000000000000044e+00
4.199999999999999845e-01 1.310000000000000053e+00
1.330000000000000071e+00 3.499999999999999778e-01
4.500000000000000111e-01 1.139999999999999902e+00
1.199999999999999956e+00 1.550000000000000044e+00
3.200000000000000067e-01 1.600000000000000033e-01
1.459999999999999964e+00 1.709999999999999964e+00
1.620000000000000107e+00 1.560000000000000053e+00
4.179999999999999716e+00 1.520000000000000018e+00
5.799999999999999822e+00 1.610000000000000098e+00
4.910000000000000142e+00 1.489999999999999991e+00
4.509999999999999787e+00 1.149999999999999911e+00
5.400000000000000355e+00 7.800000000000000266e-01
5.820000000000000284e+00 3.599999999999999867e-01
4.559999999999999609e+00 9.799999999999999822e-01
5.959999999999999964e+00 1.500000000000000000e+00
4.209999999999999964e+00 7.800000000000000266e-01
5.120000000000000107e+00 1.300000000000000044e-01
5.259999999999999787e+00 9.499999999999999556e-01
4.769999999999999574e+00 1.909999999999999920e+00
5.469999999999999751e+00 1.729999999999999982e+00
4.719999999999999751e+00 1.800000000000000044e+00
4.219999999999999751e+00 1.639999999999999902e+00
5.219999999999999751e+00 7.299999999999999822e-01
5.589999999999999858e+00 6.500000000000000222e-01
4.009999999999999787e+00 5.400000000000000355e-01
4.830000000000000071e+00 1.030000000000000027e+00
5.669999999999999929e+00 1.080000000000000071e+00
4.389999999999999680e+00 1.459999999999999964e+00
4.160000000000000142e+00 7.600000000000000089e-01
5.450000000000000178e+00 1.159999999999999920e+00
5.320000000000000284e+00 6.800000000000000488e-01
5.280000000000000249e+00 5.200000000000000178e-01
4.589999999999999858e+00 1.889999999999999902e+00
5.530000000000000249e+00 6.099999999999999867e-01
4.719999999999999751e+00 9.300000000000000488e-01
5.509999999999999787e+00 8.000000000000000444e-01
5.019999999999999574e+00 1.219999999999999973e+00
2.529999999999999805e+00 5.250000000000000000e+00
2.140000000000000124e+00 5.780000000000000249e+00
3.879999999999999893e+00 5.580000000000000071e+00
2.350000000000000089e+00 5.669999999999999929e+00
2.779999999999999805e+00 4.799999999999999822e+00
3.109999999999999876e+00 4.559999999999999609e+00
2.720000000000000195e+00 4.339999999999999858e+00
3.370000000000000107e+00 4.919999999999999929e+00
2.859999999999999876e+00 5.070000000000000284e+00
2.600000000000000089e+00 4.919999999999999929e+00
2.259999999999999787e+00 4.269999999999999574e+00
2.649999999999999911e+00 5.889999999999999680e+00
3.930000000000000160e+00 5.610000000000000320e+00
3.700000000000000178e+00 4.320000000000000284e+00
2.709999999999999964e+00 5.839999999999999858e+00
2.490000000000000213e+00 4.110000000000000320e+00
3.890000000000000124e+00 4.679999999999999716e+00
3.169999999999999929e+00 4.589999999999999858e+00
3.339999999999999858e+00 4.190000000000000391e+00
3.740000000000000213e+00 5.650000000000000355e+00
3.120000000000000107e+00 5.179999999999999716e+00
3.970000000000000195e+00 5.320000000000000284e+00
3.270000000000000018e+00 5.070000000000000284e+00
3.870000000000000107e+00 4.169999999999999929e+00
3.240000000000000213e+00 5.019999999999999574e+00
3.000000000000000000e+00 5.059999999999999609e+00
2.279999999999999805e+00 4.879999999999999893e+00
2.450000000000000178e+00 4.740000000000000213e+00
3.629999999999999893e+00 4.320000000000000284e+00
2.500000000000000000e+00 5.019999999999999574e+00
3.379999999999999893e+00 2.850000000000000089e+00
3.339999999999999858e+00 2.540000000000000036e+00
3.600000000000000089e+00 2.339999999999999858e+00
3.200000000000000178e+00 3.270000000000000018e+00
3.629999999999999893e+00 3.419999999999999929e+00
2.290000000000000036e+00 2.899999999999999911e+00
2.939999999999999947e+00 3.509999999999999787e+00
2.169999999999999929e+00 2.870000000000000107e+00
3.620000000000000107e+00 3.629999999999999893e+00
2.770000000000000018e+00 2.850000000000000089e+00
3.160000000000000142e+00 2.740000000000000213e+00
2.979999999999999982e+00 2.740000000000000213e+00
3.029999999999999805e+00 2.799999999999999822e+00
3.339999999999999858e+00 3.490000000000000213e+00
3.100000000000000089e+00 2.450000000000000178e+00
3.620000000000000107e+00 3.450000000000000178e+00
2.770000000000000018e+00 2.419999999999999929e+00
2.660000000000000142e+00 3.509999999999999787e+00
3.629999999999999893e+00 2.209999999999999964e+00
2.390000000000000124e+00 4.000000000000000000e+00
